-6.100000000000000e-01	-1.730255000000000e-03
-6.090000000000004e-01	-1.693276000000000e-03
-6.080000000000004e-01	-1.657070000000000e-03
-6.070000000000004e-01	-1.621624000000000e-03
-6.060000000000004e-01	-1.586920000000000e-03
-6.050000000000004e-01	-1.552946000000000e-03
-6.040000000000004e-01	-1.519685000000000e-03
-6.030000000000004e-01	-1.487123000000000e-03
-6.020000000000004e-01	-1.455247000000000e-03
-6.010000000000004e-01	-1.424042000000000e-03
-6.000000000000004e-01	-1.393494000000000e-03
-5.990000000000004e-01	-1.363591000000000e-03
-5.980000000000004e-01	-1.334319000000000e-03
-5.970000000000004e-01	-1.305665000000000e-03
-5.960000000000004e-01	-1.277617000000000e-03
-5.950000000000004e-01	-1.250162000000000e-03
-5.940000000000004e-01	-1.223288000000000e-03
-5.930000000000004e-01	-1.196984000000000e-03
-5.920000000000004e-01	-1.171236000000000e-03
-5.910000000000004e-01	-1.146035000000000e-03
-5.900000000000004e-01	-1.121368000000000e-03
-5.890000000000004e-01	-1.097226000000000e-03
-5.880000000000004e-01	-1.073596000000000e-03
-5.870000000000004e-01	-1.050468000000000e-03
-5.860000000000004e-01	-1.027832000000000e-03
-5.850000000000004e-01	-1.005678000000000e-03
-5.840000000000004e-01	-9.839959000000000e-04
-5.830000000000004e-01	-9.627753000000000e-04
-5.820000000000004e-01	-9.420070999999999e-04
-5.810000000000004e-01	-9.216818000000000e-04
-5.800000000000004e-01	-9.017902000000000e-04
-5.790000000000004e-01	-8.823231000000000e-04
-5.780000000000004e-01	-8.632718000000000e-04
-5.770000000000004e-01	-8.446275000000000e-04
-5.760000000000004e-01	-8.263817000000000e-04
-5.750000000000004e-01	-8.085262000000000e-04
-5.740000000000004e-01	-7.910526000000000e-04
-5.730000000000004e-01	-7.739532000000000e-04
-5.720000000000004e-01	-7.572197000000000e-04
-5.710000000000004e-01	-7.408448000000000e-04
-5.700000000000004e-01	-7.248208000000000e-04
-5.690000000000004e-01	-7.091404000000000e-04
-5.680000000000004e-01	-6.937962000000000e-04
-5.670000000000004e-01	-6.787812000000000e-04
-5.660000000000004e-01	-6.640885999999999e-04
-5.650000000000004e-01	-6.497113000000000e-04
-5.640000000000004e-01	-6.356429000000000e-04
-5.630000000000004e-01	-6.218768000000000e-04
-5.620000000000004e-01	-6.084065000000000e-04
-5.610000000000004e-01	-5.952258000000000e-04
-5.600000000000004e-01	-5.823286000000000e-04
-5.590000000000004e-01	-5.697089000000000e-04
-5.580000000000004e-01	-5.573608000000000e-04
-5.570000000000004e-01	-5.452785000000000e-04
-5.560000000000004e-01	-5.334564000000000e-04
-5.550000000000004e-01	-5.218890000000000e-04
-5.540000000000004e-01	-5.105707000000000e-04
-5.530000000000004e-01	-4.994964000000000e-04
-5.520000000000004e-01	-4.886608000000000e-04
-5.510000000000004e-01	-4.780589000000000e-04
-5.500000000000004e-01	-4.676857000000000e-04
-5.490000000000004e-01	-4.575363000000000e-04
-5.480000000000004e-01	-4.476058000000000e-04
-5.470000000000004e-01	-4.378898000000000e-04
-5.460000000000004e-01	-4.283835000000000e-04
-5.450000000000004e-01	-4.190825000000000e-04
-5.440000000000004e-01	-4.099825000000000e-04
-5.430000000000004e-01	-4.010790000000000e-04
-5.420000000000004e-01	-3.923679000000000e-04
-5.410000000000004e-01	-3.838452000000000e-04
-5.400000000000004e-01	-3.755067000000000e-04
-5.390000000000004e-01	-3.673485000000000e-04
-5.380000000000004e-01	-3.593668000000000e-04
-5.370000000000004e-01	-3.515577000000000e-04
-5.360000000000004e-01	-3.439176000000000e-04
-5.350000000000004e-01	-3.364428000000000e-04
-5.340000000000004e-01	-3.291298000000000e-04
-5.330000000000004e-01	-3.219752000000000e-04
-5.320000000000004e-01	-3.149754000000000e-04
-5.310000000000004e-01	-3.081273000000000e-04
-5.300000000000004e-01	-3.014274000000000e-04
-5.290000000000004e-01	-2.948727000000000e-04
-5.280000000000004e-01	-2.884601000000000e-04
-5.270000000000004e-01	-2.821864000000000e-04
-5.260000000000004e-01	-2.760487000000000e-04
-5.250000000000004e-01	-2.700440000000000e-04
-5.240000000000004e-01	-2.641695000000000e-04
-5.230000000000004e-01	-2.584224000000000e-04
-5.220000000000004e-01	-2.527999000000000e-04
-5.210000000000004e-01	-2.472994000000000e-04
-5.200000000000004e-01	-2.419182000000000e-04
-5.190000000000003e-01	-2.366538000000000e-04
-5.180000000000003e-01	-2.315035000000000e-04
-5.170000000000003e-01	-2.264651000000000e-04
-5.160000000000003e-01	-2.215360000000000e-04
-5.150000000000003e-01	-2.167138000000000e-04
-5.140000000000003e-01	-2.119964000000000e-04
-5.130000000000003e-01	-2.073814000000000e-04
-5.120000000000003e-01	-2.028666000000000e-04
-5.110000000000003e-01	-1.984499000000000e-04
-5.100000000000003e-01	-1.941290000000000e-04
-5.090000000000003e-01	-1.899021000000000e-04
-5.080000000000003e-01	-1.857669000000000e-04
-5.070000000000003e-01	-1.817216000000000e-04
-5.060000000000003e-01	-1.777642000000000e-04
-5.050000000000003e-01	-1.738928000000000e-04
-5.040000000000003e-01	-1.701055000000000e-04
-5.030000000000003e-01	-1.664005000000000e-04
-5.020000000000003e-01	-1.627761000000000e-04
-5.010000000000003e-01	-1.592305000000000e-04
-5.000000000000003e-01	-1.557619000000000e-04
-4.990000000000004e-01	-1.523687000000000e-04
-4.980000000000004e-01	-1.490494000000000e-04
-4.970000000000004e-01	-1.458022000000000e-04
-4.960000000000004e-01	-1.426256000000000e-04
-4.950000000000004e-01	-1.395181000000000e-04
-4.940000000000004e-01	-1.364782000000000e-04
-4.930000000000004e-01	-1.335044000000000e-04
-4.920000000000004e-01	-1.305953000000000e-04
-4.910000000000004e-01	-1.277495000000000e-04
-4.900000000000004e-01	-1.249657000000000e-04
-4.890000000000004e-01	-1.222423000000000e-04
-4.880000000000004e-01	-1.195783000000000e-04
-4.870000000000004e-01	-1.169722000000000e-04
-4.860000000000004e-01	-1.144229000000000e-04
-4.850000000000004e-01	-1.119290000000000e-04
-4.840000000000004e-01	-1.094894000000000e-04
-4.830000000000004e-01	-1.071029000000000e-04
-4.820000000000004e-01	-1.047683000000000e-04
-4.810000000000004e-01	-1.024846000000000e-04
-4.800000000000004e-01	-1.002506000000000e-04
-4.790000000000004e-01	-9.806524999999999e-05
-4.780000000000004e-01	-9.592746000000000e-05
-4.770000000000004e-01	-9.383622000000000e-05
-4.760000000000004e-01	-9.179052000000000e-05
-4.750000000000004e-01	-8.978937000000000e-05
-4.740000000000004e-01	-8.783179999999999e-05
-4.730000000000004e-01	-8.591685000000000e-05
-4.720000000000004e-01	-8.404362000000000e-05
-4.710000000000004e-01	-8.221118000000000e-05
-4.700000000000004e-01	-8.041865999999999e-05
-4.690000000000004e-01	-7.866519000000001e-05
-4.680000000000004e-01	-7.694990000000001e-05
-4.670000000000004e-01	-7.527199000000001e-05
-4.660000000000004e-01	-7.363063000000000e-05
-4.650000000000004e-01	-7.202503000000000e-05
-4.640000000000004e-01	-7.045441000000000e-05
-4.630000000000004e-01	-6.891800999999999e-05
-4.620000000000004e-01	-6.741509000000000e-05
-4.610000000000004e-01	-6.594491000000000e-05
-4.600000000000004e-01	-6.450676999999999e-05
-4.590000000000004e-01	-6.309996000000000e-05
-4.580000000000004e-01	-6.172381999999999e-05
-4.570000000000004e-01	-6.037766000000000e-05
-4.560000000000003e-01	-5.906084000000000e-05
-4.550000000000003e-01	-5.777273000000000e-05
-4.540000000000003e-01	-5.651268000000000e-05
-4.530000000000003e-01	-5.528010000000000e-05
-4.520000000000003e-01	-5.407438000000000e-05
-4.510000000000003e-01	-5.289494000000000e-05
-4.500000000000003e-01	-5.174121000000000e-05
-4.490000000000003e-01	-5.061263000000000e-05
-4.480000000000003e-01	-4.950865000000000e-05
-4.470000000000003e-01	-4.842874000000000e-05
-4.460000000000003e-01	-4.737237000000000e-05
-4.450000000000003e-01	-4.633903000000000e-05
-4.440000000000003e-01	-4.532822000000000e-05
-4.430000000000003e-01	-4.433944000000000e-05
-4.420000000000003e-01	-4.337222000000000e-05
-4.410000000000003e-01	-4.242608000000000e-05
-4.400000000000003e-01	-4.150058000000000e-05
-4.390000000000003e-01	-4.059526000000000e-05
-4.380000000000003e-01	-3.970967000000000e-05
-4.370000000000003e-01	-3.884339000000000e-05
-4.360000000000003e-01	-3.799601000000000e-05
-4.350000000000003e-01	-3.716710000000000e-05
-4.340000000000003e-01	-3.635626000000000e-05
-4.330000000000003e-01	-3.556311000000000e-05
-4.320000000000003e-01	-3.478726000000000e-05
-4.310000000000003e-01	-3.402832000000000e-05
-4.300000000000003e-01	-3.328593000000000e-05
-4.290000000000003e-01	-3.255974000000000e-05
-4.280000000000003e-01	-3.184937000000000e-05
-4.270000000000003e-01	-3.115451000000000e-05
-4.260000000000003e-01	-3.047479000000000e-05
-4.250000000000003e-01	-2.980990000000000e-05
-4.240000000000003e-01	-2.915951000000000e-05
-4.230000000000003e-01	-2.852331000000000e-05
-4.220000000000003e-01	-2.790098000000000e-05
-4.210000000000003e-01	-2.729223000000000e-05
-4.200000000000003e-01	-2.669675000000000e-05
-4.190000000000003e-01	-2.611426000000000e-05
-4.180000000000003e-01	-2.554448000000000e-05
-4.170000000000003e-01	-2.498712000000000e-05
-4.160000000000003e-01	-2.444193000000000e-05
-4.150000000000003e-01	-2.390862000000000e-05
-4.140000000000003e-01	-2.338695000000000e-05
-4.130000000000003e-01	-2.287665000000000e-05
-4.120000000000003e-01	-2.237749000000000e-05
-4.110000000000003e-01	-2.188922000000000e-05
-4.100000000000003e-01	-2.141160000000000e-05
-4.090000000000003e-01	-2.094439000000000e-05
-4.080000000000003e-01	-2.048738000000000e-05
-4.070000000000003e-01	-2.004034000000000e-05
-4.060000000000003e-01	-1.960305000000000e-05
-4.050000000000003e-01	-1.917530000000000e-05
-4.040000000000003e-01	-1.875688000000000e-05
-4.030000000000003e-01	-1.834759000000000e-05
-4.020000000000003e-01	-1.794723000000000e-05
-4.010000000000003e-01	-1.755560000000000e-05
-4.000000000000003e-01	-1.717252000000000e-05
-3.990000000000003e-01	-1.679779000000000e-05
-3.980000000000003e-01	-1.643124000000000e-05
-3.970000000000003e-01	-1.607269000000000e-05
-3.960000000000003e-01	-1.572195000000000e-05
-3.950000000000003e-01	-1.537888000000000e-05
-3.940000000000003e-01	-1.504328000000000e-05
-3.930000000000003e-01	-1.471501000000000e-05
-3.920000000000003e-01	-1.439390000000000e-05
-3.910000000000003e-01	-1.407980000000000e-05
-3.900000000000003e-01	-1.377255000000000e-05
-3.890000000000003e-01	-1.347200000000000e-05
-3.880000000000003e-01	-1.317801000000000e-05
-3.870000000000003e-01	-1.289044000000000e-05
-3.860000000000003e-01	-1.260914000000000e-05
-3.850000000000003e-01	-1.233397000000000e-05
-3.840000000000003e-01	-1.206481000000000e-05
-3.830000000000003e-01	-1.180153000000000e-05
-3.820000000000003e-01	-1.154399000000000e-05
-3.810000000000003e-01	-1.129207000000000e-05
-3.800000000000003e-01	-1.104564000000000e-05
-3.790000000000003e-01	-1.080459000000000e-05
-3.780000000000003e-01	-1.056881000000000e-05
-3.770000000000003e-01	-1.033816000000000e-05
-3.760000000000003e-01	-1.011255000000000e-05
-3.750000000000003e-01	-9.891864000000001e-06
-3.740000000000003e-01	-9.675991000000001e-06
-3.730000000000003e-01	-9.464830000000000e-06
-3.720000000000003e-01	-9.258276000000000e-06
-3.710000000000003e-01	-9.056229000000001e-06
-3.700000000000003e-01	-8.858591000000001e-06
-3.690000000000003e-01	-8.665266000000000e-06
-3.680000000000003e-01	-8.476159999999999e-06
-3.670000000000003e-01	-8.291179000000000e-06
-3.660000000000003e-01	-8.110235000000000e-06
-3.650000000000003e-01	-7.933240000000000e-06
-3.640000000000003e-01	-7.760107000000000e-06
-3.630000000000003e-01	-7.590753000000000e-06
-3.620000000000003e-01	-7.425093000000000e-06
-3.610000000000003e-01	-7.263049000000000e-06
-3.600000000000003e-01	-7.104541000000000e-06
-3.590000000000003e-01	-6.949492000000000e-06
-3.580000000000003e-01	-6.797826000000000e-06
-3.570000000000003e-01	-6.649470000000000e-06
-3.560000000000003e-01	-6.504352000000000e-06
-3.550000000000003e-01	-6.362400000000000e-06
-3.540000000000003e-01	-6.223546000000000e-06
-3.530000000000003e-01	-6.087722000000000e-06
-3.520000000000003e-01	-5.954862000000000e-06
-3.510000000000003e-01	-5.824902000000000e-06
-3.500000000000003e-01	-5.697777000000000e-06
-3.490000000000003e-01	-5.573428000000000e-06
-3.480000000000003e-01	-5.451791000000000e-06
-3.470000000000003e-01	-5.332809000000000e-06
-3.460000000000003e-01	-5.216423000000000e-06
-3.450000000000003e-01	-5.102578000000000e-06
-3.440000000000003e-01	-4.991216000000000e-06
-3.430000000000002e-01	-4.882286000000000e-06
-3.420000000000002e-01	-4.775732000000000e-06
-3.410000000000002e-01	-4.671504000000000e-06
-3.400000000000002e-01	-4.569550000000000e-06
-3.390000000000002e-01	-4.469821000000000e-06
-3.380000000000002e-01	-4.372269000000000e-06
-3.370000000000002e-01	-4.276846000000000e-06
-3.360000000000002e-01	-4.183505000000000e-06
-3.350000000000002e-01	-4.092200000000000e-06
-3.340000000000002e-01	-4.002889000000000e-06
-3.330000000000002e-01	-3.915527000000000e-06
-3.320000000000002e-01	-3.830071000000000e-06
-3.310000000000002e-01	-3.746481000000000e-06
-3.300000000000002e-01	-3.664714000000000e-06
-3.290000000000002e-01	-3.584732000000000e-06
-3.280000000000002e-01	-3.506496000000000e-06
-3.270000000000002e-01	-3.429967000000000e-06
-3.260000000000002e-01	-3.355108000000000e-06
-3.250000000000002e-01	-3.281883000000000e-06
-3.240000000000002e-01	-3.210256000000000e-06
-3.230000000000002e-01	-3.140192000000000e-06
-3.220000000000002e-01	-3.071657000000000e-06
-3.210000000000002e-01	-3.004618000000000e-06
-3.200000000000002e-01	-2.939042000000000e-06
-3.190000000000002e-01	-2.874897000000000e-06
-3.180000000000002e-01	-2.812152000000000e-06
-3.170000000000002e-01	-2.750777000000000e-06
-3.160000000000002e-01	-2.690741000000000e-06
-3.150000000000002e-01	-2.632015000000000e-06
-3.140000000000002e-01	-2.574571000000000e-06
-3.130000000000002e-01	-2.518380000000000e-06
-3.120000000000002e-01	-2.463416000000000e-06
-3.110000000000002e-01	-2.409651000000000e-06
-3.100000000000002e-01	-2.357060000000000e-06
-3.090000000000002e-01	-2.305617000000000e-06
-3.080000000000002e-01	-2.255296000000000e-06
-3.070000000000002e-01	-2.206073000000000e-06
-3.060000000000002e-01	-2.157925000000000e-06
-3.050000000000002e-01	-2.110828000000000e-06
-3.040000000000002e-01	-2.064758000000000e-06
-3.030000000000002e-01	-2.019694000000000e-06
-3.020000000000002e-01	-1.975613000000000e-06
-3.010000000000002e-01	-1.932495000000000e-06
-3.000000000000002e-01	-1.890318000000000e-06
-2.990000000000002e-01	-1.849061000000000e-06
-2.980000000000002e-01	-1.808704000000000e-06
-2.970000000000002e-01	-1.769228000000000e-06
-2.960000000000002e-01	-1.730614000000000e-06
-2.950000000000002e-01	-1.692843000000000e-06
-2.940000000000002e-01	-1.655896000000000e-06
-2.930000000000002e-01	-1.619755000000000e-06
-2.920000000000002e-01	-1.584403000000000e-06
-2.910000000000002e-01	-1.549822000000000e-06
-2.900000000000002e-01	-1.515997000000000e-06
-2.890000000000002e-01	-1.482909000000000e-06
-2.880000000000002e-01	-1.450544000000000e-06
-2.870000000000002e-01	-1.418885000000000e-06
-2.860000000000002e-01	-1.387917000000000e-06
-2.850000000000002e-01	-1.357625000000000e-06
-2.840000000000002e-01	-1.327994000000000e-06
-2.830000000000002e-01	-1.299009000000000e-06
-2.820000000000002e-01	-1.270658000000000e-06
-2.810000000000002e-01	-1.242925000000000e-06
-2.800000000000002e-01	-1.215797000000000e-06
-2.790000000000002e-01	-1.189261000000000e-06
-2.780000000000002e-01	-1.163305000000000e-06
-2.770000000000002e-01	-1.137915000000000e-06
-2.760000000000002e-01	-1.113079000000000e-06
-2.750000000000002e-01	-1.088785000000000e-06
-2.740000000000002e-01	-1.065022000000000e-06
-2.730000000000002e-01	-1.041777000000000e-06
-2.720000000000002e-01	-1.019039000000000e-06
-2.710000000000002e-01	-9.967977000000001e-07
-2.700000000000002e-01	-9.750418000000000e-07
-2.690000000000002e-01	-9.537606000000001e-07
-2.680000000000002e-01	-9.329439000000000e-07
-2.670000000000002e-01	-9.125816000000000e-07
-2.660000000000002e-01	-8.926636000000000e-07
-2.650000000000002e-01	-8.731804000000000e-07
-2.640000000000002e-01	-8.541224000000001e-07
-2.630000000000002e-01	-8.354803000000000e-07
-2.620000000000002e-01	-8.172451000000000e-07
-2.610000000000002e-01	-7.994079000000000e-07
-2.600000000000002e-01	-7.819600000000000e-07
-2.590000000000002e-01	-7.648928000000000e-07
-2.580000000000002e-01	-7.481982000000000e-07
-2.570000000000002e-01	-7.318679000000000e-07
-2.560000000000002e-01	-7.158941000000000e-07
-2.550000000000002e-01	-7.002689000000000e-07
-2.540000000000002e-01	-6.849846000000000e-07
-2.530000000000002e-01	-6.700340000000000e-07
-2.520000000000002e-01	-6.554096000000000e-07
-2.510000000000002e-01	-6.411045000000000e-07
-2.500000000000002e-01	-6.271115000000000e-07
-2.490000000000002e-01	-6.134239000000000e-07
-2.480000000000002e-01	-6.000350000000000e-07
-2.470000000000002e-01	-5.869384000000000e-07
-2.460000000000002e-01	-5.741276000000000e-07
-2.450000000000002e-01	-5.615964000000000e-07
-2.440000000000002e-01	-5.493387000000000e-07
-2.430000000000002e-01	-5.373485000000000e-07
-2.420000000000002e-01	-5.256200000000000e-07
-2.410000000000002e-01	-5.141474000000000e-07
-2.400000000000002e-01	-5.029252000000000e-07
-2.390000000000002e-01	-4.919480000000000e-07
-2.380000000000002e-01	-4.812103000000000e-07
-2.370000000000002e-01	-4.707070000000000e-07
-2.360000000000002e-01	-4.604329000000000e-07
-2.350000000000002e-01	-4.503830000000000e-07
-2.340000000000002e-01	-4.405524000000000e-07
-2.330000000000002e-01	-4.309364000000000e-07
-2.320000000000002e-01	-4.215303000000000e-07
-2.310000000000002e-01	-4.123294000000000e-07
-2.300000000000002e-01	-4.033294000000000e-07
-2.290000000000002e-01	-3.945257000000000e-07
-2.280000000000002e-01	-3.859142000000000e-07
-2.270000000000002e-01	-3.774906000000000e-07
-2.260000000000002e-01	-3.692509000000000e-07
-2.250000000000002e-01	-3.611909000000000e-07
-2.240000000000002e-01	-3.533069000000000e-07
-2.230000000000002e-01	-3.455949000000000e-07
-2.220000000000002e-01	-3.380513000000000e-07
-2.210000000000002e-01	-3.306722000000000e-07
-2.200000000000002e-01	-3.234542000000000e-07
-2.190000000000002e-01	-3.163937000000000e-07
-2.180000000000002e-01	-3.094873000000000e-07
-2.170000000000002e-01	-3.027316000000000e-07
-2.160000000000002e-01	-2.961233000000000e-07
-2.150000000000002e-01	-2.896593000000000e-07
-2.140000000000002e-01	-2.833363000000000e-07
-2.130000000000002e-01	-2.771513000000000e-07
-2.120000000000002e-01	-2.711012000000000e-07
-2.110000000000002e-01	-2.651832000000000e-07
-2.100000000000002e-01	-2.593943000000000e-07
-2.090000000000002e-01	-2.537318000000000e-07
-2.080000000000002e-01	-2.481928000000000e-07
-2.070000000000002e-01	-2.427746000000000e-07
-2.060000000000002e-01	-2.374748000000000e-07
-2.050000000000002e-01	-2.322905000000000e-07
-2.040000000000002e-01	-2.272194000000000e-07
-2.030000000000002e-01	-2.222589000000000e-07
-2.020000000000002e-01	-2.174067000000000e-07
-2.010000000000002e-01	-2.126603000000000e-07
-2.000000000000001e-01	-2.080175000000000e-07
-1.990000000000001e-01	-2.034760000000000e-07
-1.980000000000001e-01	-1.990337000000000e-07
-1.970000000000001e-01	-1.946882000000000e-07
-1.960000000000001e-01	-1.904375000000000e-07
-1.950000000000001e-01	-1.862796000000000e-07
-1.940000000000001e-01	-1.822124000000000e-07
-1.930000000000001e-01	-1.782339000000000e-07
-1.920000000000001e-01	-1.743423000000000e-07
-1.910000000000001e-01	-1.705355000000000e-07
-1.900000000000001e-01	-1.668118000000000e-07
-1.890000000000001e-01	-1.631693000000000e-07
-1.880000000000001e-01	-1.596063000000000e-07
-1.870000000000001e-01	-1.561210000000000e-07
-1.860000000000001e-01	-1.527118000000000e-07
-1.850000000000001e-01	-1.493769000000000e-07
-1.840000000000001e-01	-1.461148000000000e-07
-1.830000000000001e-01	-1.429238000000000e-07
-1.820000000000001e-01	-1.398024000000000e-07
-1.810000000000001e-01	-1.367491000000000e-07
-1.800000000000001e-01	-1.337624000000000e-07
-1.790000000000001e-01	-1.308408000000000e-07
-1.780000000000001e-01	-1.279830000000000e-07
-1.770000000000001e-01	-1.251875000000000e-07
-1.760000000000001e-01	-1.224529000000000e-07
-1.750000000000001e-01	-1.197780000000000e-07
-1.740000000000001e-01	-1.171614000000000e-07
-1.730000000000001e-01	-1.146019000000000e-07
-1.720000000000001e-01	-1.120982000000000e-07
-1.710000000000001e-01	-1.096490000000000e-07
-1.700000000000001e-01	-1.072533000000000e-07
-1.690000000000001e-01	-1.049098000000000e-07
-1.680000000000001e-01	-1.026174000000000e-07
-1.670000000000001e-01	-1.003750000000000e-07
-1.660000000000001e-01	-9.818142000000000e-08
-1.650000000000001e-01	-9.603568000000000e-08
-1.640000000000001e-01	-9.393671000000000e-08
-1.630000000000001e-01	-9.188348999999999e-08
-1.620000000000001e-01	-8.987502000000000e-08
-1.610000000000001e-01	-8.791031000000000e-08
-1.600000000000001e-01	-8.598840999999999e-08
-1.590000000000001e-01	-8.410839000000000e-08
-1.580000000000001e-01	-8.226933000000000e-08
-1.570000000000001e-01	-8.047033999999999e-08
-1.560000000000001e-01	-7.871053000000000e-08
-1.550000000000001e-01	-7.698905000000000e-08
-1.540000000000001e-01	-7.530507000000000e-08
-1.530000000000001e-01	-7.365777000000000e-08
-1.520000000000001e-01	-7.204633000000000e-08
-1.510000000000001e-01	-7.046997000000001e-08
-1.500000000000001e-01	-6.892794000000000e-08
-1.490000000000001e-01	-6.741947000000000e-08
-1.480000000000001e-01	-6.594384000000000e-08
-1.470000000000001e-01	-6.450032000000000e-08
-1.460000000000001e-01	-6.308822000000001e-08
-1.450000000000001e-01	-6.170683000000000e-08
-1.440000000000001e-01	-6.035550000000000e-08
-1.430000000000001e-01	-5.903356000000000e-08
-1.420000000000001e-01	-5.774037000000000e-08
-1.410000000000001e-01	-5.647529000000000e-08
-1.400000000000001e-01	-5.523772000000000e-08
-1.390000000000001e-01	-5.402705000000000e-08
-1.380000000000001e-01	-5.284269000000000e-08
-1.370000000000001e-01	-5.168407000000000e-08
-1.360000000000001e-01	-5.055062000000000e-08
-1.350000000000001e-01	-4.944178000000000e-08
-1.340000000000001e-01	-4.835702000000000e-08
-1.330000000000001e-01	-4.729581000000000e-08
-1.320000000000001e-01	-4.625764000000000e-08
-1.310000000000001e-01	-4.524199000000000e-08
-1.300000000000001e-01	-4.424837000000000e-08
-1.290000000000001e-01	-4.327630000000000e-08
-1.280000000000001e-01	-4.232531000000000e-08
-1.270000000000001e-01	-4.139493000000000e-08
-1.260000000000001e-01	-4.048470000000000e-08
-1.250000000000001e-01	-3.959420000000000e-08
-1.240000000000001e-01	-3.872298000000000e-08
-1.230000000000001e-01	-3.787061000000000e-08
-1.220000000000001e-01	-3.703668000000000e-08
-1.210000000000001e-01	-3.622080000000000e-08
-1.200000000000001e-01	-3.542255000000000e-08
-1.190000000000001e-01	-3.464156000000000e-08
-1.180000000000001e-01	-3.387743000000000e-08
-1.170000000000001e-01	-3.312980000000000e-08
-1.160000000000001e-01	-3.239830000000000e-08
-1.150000000000001e-01	-3.168259000000000e-08
-1.140000000000001e-01	-3.098230000000000e-08
-1.130000000000001e-01	-3.029710000000000e-08
-1.120000000000001e-01	-2.962665000000000e-08
-1.110000000000001e-01	-2.897064000000000e-08
-1.100000000000001e-01	-2.832873000000000e-08
-1.090000000000001e-01	-2.770062000000000e-08
-1.080000000000001e-01	-2.708599000000000e-08
-1.070000000000001e-01	-2.648456000000000e-08
-1.060000000000001e-01	-2.589602000000000e-08
-1.050000000000001e-01	-2.532010000000000e-08
-1.040000000000001e-01	-2.475651000000000e-08
-1.030000000000001e-01	-2.420497000000000e-08
-1.020000000000001e-01	-2.366522000000000e-08
-1.010000000000001e-01	-2.313700000000000e-08
-1.000000000000001e-01	-2.262004000000000e-08
-9.900000000000007e-02	-2.211410000000000e-08
-9.800000000000007e-02	-2.161893000000000e-08
-9.700000000000007e-02	-2.113429000000000e-08
-9.600000000000007e-02	-2.065994000000000e-08
-9.500000000000007e-02	-2.019565000000000e-08
-9.400000000000007e-02	-1.974119000000000e-08
-9.300000000000007e-02	-1.929635000000000e-08
-9.200000000000007e-02	-1.886091000000000e-08
-9.100000000000007e-02	-1.843465000000000e-08
-9.000000000000007e-02	-1.801737000000000e-08
-8.900000000000007e-02	-1.760886000000000e-08
-8.800000000000006e-02	-1.720893000000000e-08
-8.700000000000006e-02	-1.681738000000000e-08
-8.600000000000006e-02	-1.643402000000000e-08
-8.500000000000006e-02	-1.605866000000000e-08
-8.400000000000006e-02	-1.569113000000000e-08
-8.300000000000006e-02	-1.533123000000000e-08
-8.200000000000006e-02	-1.497880000000000e-08
-8.100000000000006e-02	-1.463367000000000e-08
-8.000000000000006e-02	-1.429566000000000e-08
-7.900000000000006e-02	-1.396461000000000e-08
-7.800000000000006e-02	-1.364036000000000e-08
-7.700000000000005e-02	-1.332276000000000e-08
-7.600000000000005e-02	-1.301165000000000e-08
-7.500000000000005e-02	-1.270687000000000e-08
-7.400000000000005e-02	-1.240828000000000e-08
-7.300000000000005e-02	-1.211573000000000e-08
-7.200000000000005e-02	-1.182908000000000e-08
-7.100000000000005e-02	-1.154820000000000e-08
-7.000000000000005e-02	-1.127293000000000e-08
-6.900000000000005e-02	-1.100316000000000e-08
-6.800000000000005e-02	-1.073874000000000e-08
-6.700000000000005e-02	-1.047956000000000e-08
-6.600000000000004e-02	-1.022548000000000e-08
-6.500000000000004e-02	-9.976375000000000e-09
-6.400000000000004e-02	-9.732132000000000e-09
-6.300000000000004e-02	-9.492628000000000e-09
-6.200000000000005e-02	-9.257747000000000e-09
-6.100000000000005e-02	-9.027374000000000e-09
-6.000000000000005e-02	-8.801397000000000e-09
-5.900000000000005e-02	-8.579707000000001e-09
-5.800000000000004e-02	-8.362194000000000e-09
-5.700000000000004e-02	-8.148755000000000e-09
-5.600000000000004e-02	-7.939283000000000e-09
-5.500000000000004e-02	-7.733678000000000e-09
-5.400000000000004e-02	-7.531838000000001e-09
-5.300000000000004e-02	-7.333667000000000e-09
-5.200000000000004e-02	-7.139068000000000e-09
-5.100000000000004e-02	-6.947945000000000e-09
-5.000000000000004e-02	-6.760206000000000e-09
-4.900000000000004e-02	-6.575758000000000e-09
-4.800000000000004e-02	-6.394513000000000e-09
-4.700000000000003e-02	-6.216383000000000e-09
-4.600000000000003e-02	-6.041279000000000e-09
-4.500000000000003e-02	-5.869118000000000e-09
-4.400000000000003e-02	-5.699814000000000e-09
-4.300000000000003e-02	-5.533287000000000e-09
-4.200000000000003e-02	-5.369454000000000e-09
-4.100000000000003e-02	-5.208236000000000e-09
-4.000000000000003e-02	-5.049554000000000e-09
-3.900000000000003e-02	-4.893331000000000e-09
-3.800000000000003e-02	-4.739491000000000e-09
-3.700000000000003e-02	-4.587960000000000e-09
-3.600000000000003e-02	-4.438663000000000e-09
-3.500000000000002e-02	-4.291527000000000e-09
-3.400000000000002e-02	-4.146481000000000e-09
-3.300000000000002e-02	-4.003455000000000e-09
-3.200000000000002e-02	-3.862378000000000e-09
-3.100000000000002e-02	-3.723182000000000e-09
-3.000000000000002e-02	-3.585799000000000e-09
-2.900000000000002e-02	-3.450163000000000e-09
-2.800000000000002e-02	-3.316206000000000e-09
-2.700000000000002e-02	-3.183865000000000e-09
-2.600000000000002e-02	-3.053074000000000e-09
-2.500000000000002e-02	-2.923770000000000e-09
-2.400000000000001e-02	-2.795890000000000e-09
-2.300000000000001e-02	-2.669371000000000e-09
-2.200000000000001e-02	-2.544153000000000e-09
-2.100000000000001e-02	-2.420173000000000e-09
-2.000000000000001e-02	-2.297372000000000e-09
-1.900000000000001e-02	-2.175689000000000e-09
-1.800000000000001e-02	-2.055067000000000e-09
-1.700000000000001e-02	-1.935445000000000e-09
-1.600000000000001e-02	-1.816765000000000e-09
-1.500000000000001e-02	-1.698970000000000e-09
-1.400000000000001e-02	-1.582003000000000e-09
-1.300000000000000e-02	-1.465806000000000e-09
-1.200000000000000e-02	-1.350323000000000e-09
-1.100000000000000e-02	-1.235497000000000e-09
-1.000000000000000e-02	-1.121274000000000e-09
-9.000000000000001e-03	-1.007596000000000e-09
-8.000000000000000e-03	-8.944088000000000e-10
-7.000000000000000e-03	-7.816572000000000e-10
-6.000000000000000e-03	-6.692863000000000e-10
-5.000000000000000e-03	-5.572414000000000e-10
-4.000000000000000e-03	-4.454678000000000e-10
-3.000000000000000e-03	-3.339112000000000e-10
-2.000000000000000e-03	-2.225172000000000e-10
-1.000000000000000e-03	-1.112315000000000e-10
0.000000000000000e+00	-0.000000000000000e+00
1.000000000000000e-03	1.112315000000000e-10
2.000000000000000e-03	2.225172000000000e-10
3.000000000000000e-03	3.339112000000000e-10
4.000000000000000e-03	4.454678000000000e-10
5.000000000000000e-03	5.572414000000000e-10
6.000000000000000e-03	6.692863000000000e-10
7.000000000000000e-03	7.816572000000000e-10
8.000000000000000e-03	8.944088000000000e-10
9.000000000000001e-03	1.007596000000000e-09
1.000000000000000e-02	1.121274000000000e-09
1.100000000000000e-02	1.235497000000000e-09
1.200000000000000e-02	1.350323000000000e-09
1.300000000000000e-02	1.465806000000000e-09
1.400000000000001e-02	1.582003000000000e-09
1.500000000000001e-02	1.698970000000000e-09
1.600000000000001e-02	1.816765000000000e-09
1.700000000000001e-02	1.935445000000000e-09
1.800000000000001e-02	2.055067000000000e-09
1.900000000000001e-02	2.175689000000000e-09
2.000000000000001e-02	2.297372000000000e-09
2.100000000000001e-02	2.420173000000000e-09
2.200000000000001e-02	2.544153000000000e-09
2.300000000000001e-02	2.669371000000000e-09
2.400000000000001e-02	2.795890000000000e-09
2.500000000000002e-02	2.923770000000000e-09
2.600000000000002e-02	3.053074000000000e-09
2.700000000000002e-02	3.183865000000000e-09
2.800000000000002e-02	3.316206000000000e-09
2.900000000000002e-02	3.450163000000000e-09
3.000000000000002e-02	3.585799000000000e-09
3.100000000000002e-02	3.723182000000000e-09
3.200000000000002e-02	3.862378000000000e-09
3.300000000000002e-02	4.003455000000000e-09
3.400000000000002e-02	4.146481000000000e-09
3.500000000000002e-02	4.291527000000000e-09
3.600000000000003e-02	4.438663000000000e-09
3.700000000000003e-02	4.587960000000000e-09
3.800000000000003e-02	4.739491000000000e-09
3.900000000000003e-02	4.893331000000000e-09
4.000000000000003e-02	5.049554000000000e-09
4.100000000000003e-02	5.208236000000000e-09
4.200000000000003e-02	5.369454000000000e-09
4.300000000000003e-02	5.533287000000000e-09
4.400000000000003e-02	5.699814000000000e-09
4.500000000000003e-02	5.869118000000000e-09
4.600000000000003e-02	6.041279000000000e-09
4.700000000000003e-02	6.216383000000000e-09
4.800000000000004e-02	6.394513000000000e-09
4.900000000000004e-02	6.575758000000000e-09
5.000000000000004e-02	6.760206000000000e-09
5.100000000000004e-02	6.947945000000000e-09
5.200000000000004e-02	7.139068000000000e-09
5.300000000000004e-02	7.333667000000000e-09
5.400000000000004e-02	7.531838000000001e-09
5.500000000000004e-02	7.733678000000000e-09
5.600000000000004e-02	7.939283000000000e-09
5.700000000000004e-02	8.148755000000000e-09
5.800000000000004e-02	8.362194000000000e-09
5.900000000000005e-02	8.579707000000001e-09
6.000000000000005e-02	8.801397000000000e-09
6.100000000000005e-02	9.027374000000000e-09
6.200000000000005e-02	9.257747000000000e-09
6.300000000000004e-02	9.492628000000000e-09
6.400000000000004e-02	9.732132000000000e-09
6.500000000000004e-02	9.976375000000000e-09
6.600000000000004e-02	1.022548000000000e-08
6.700000000000005e-02	1.047956000000000e-08
6.800000000000005e-02	1.073874000000000e-08
6.900000000000005e-02	1.100316000000000e-08
7.000000000000005e-02	1.127293000000000e-08
7.100000000000005e-02	1.154820000000000e-08
7.200000000000005e-02	1.182908000000000e-08
7.300000000000005e-02	1.211573000000000e-08
7.400000000000005e-02	1.240828000000000e-08
7.500000000000005e-02	1.270687000000000e-08
7.600000000000005e-02	1.301165000000000e-08
7.700000000000005e-02	1.332276000000000e-08
7.800000000000006e-02	1.364036000000000e-08
7.900000000000006e-02	1.396461000000000e-08
8.000000000000006e-02	1.429566000000000e-08
8.100000000000006e-02	1.463367000000000e-08
8.200000000000006e-02	1.497880000000000e-08
8.300000000000006e-02	1.533123000000000e-08
8.400000000000006e-02	1.569113000000000e-08
8.500000000000006e-02	1.605866000000000e-08
8.600000000000006e-02	1.643402000000000e-08
8.700000000000006e-02	1.681738000000000e-08
8.800000000000006e-02	1.720893000000000e-08
8.900000000000007e-02	1.760886000000000e-08
9.000000000000007e-02	1.801737000000000e-08
9.100000000000007e-02	1.843465000000000e-08
9.200000000000007e-02	1.886091000000000e-08
9.300000000000007e-02	1.929635000000000e-08
9.400000000000007e-02	1.974119000000000e-08
9.500000000000007e-02	2.019565000000000e-08
9.600000000000007e-02	2.065994000000000e-08
9.700000000000007e-02	2.113429000000000e-08
9.800000000000007e-02	2.161893000000000e-08
9.900000000000007e-02	2.211410000000000e-08
1.000000000000001e-01	2.262004000000000e-08
1.010000000000001e-01	2.313700000000000e-08
1.020000000000001e-01	2.366522000000000e-08
1.030000000000001e-01	2.420497000000000e-08
1.040000000000001e-01	2.475651000000000e-08
1.050000000000001e-01	2.532010000000000e-08
1.060000000000001e-01	2.589602000000000e-08
1.070000000000001e-01	2.648456000000000e-08
1.080000000000001e-01	2.708599000000000e-08
1.090000000000001e-01	2.770062000000000e-08
1.100000000000001e-01	2.832873000000000e-08
1.110000000000001e-01	2.897064000000000e-08
1.120000000000001e-01	2.962665000000000e-08
1.130000000000001e-01	3.029710000000000e-08
1.140000000000001e-01	3.098230000000000e-08
1.150000000000001e-01	3.168259000000000e-08
1.160000000000001e-01	3.239830000000000e-08
1.170000000000001e-01	3.312980000000000e-08
1.180000000000001e-01	3.387743000000000e-08
1.190000000000001e-01	3.464156000000000e-08
1.200000000000001e-01	3.542255000000000e-08
1.210000000000001e-01	3.622080000000000e-08
1.220000000000001e-01	3.703668000000000e-08
1.230000000000001e-01	3.787061000000000e-08
1.240000000000001e-01	3.872298000000000e-08
1.250000000000001e-01	3.959420000000000e-08
1.260000000000001e-01	4.048470000000000e-08
1.270000000000001e-01	4.139493000000000e-08
1.280000000000001e-01	4.232531000000000e-08
1.290000000000001e-01	4.327630000000000e-08
1.300000000000001e-01	4.424837000000000e-08
1.310000000000001e-01	4.524199000000000e-08
1.320000000000001e-01	4.625764000000000e-08
1.330000000000001e-01	4.729581000000000e-08
1.340000000000001e-01	4.835702000000000e-08
1.350000000000001e-01	4.944178000000000e-08
1.360000000000001e-01	5.055062000000000e-08
1.370000000000001e-01	5.168407000000000e-08
1.380000000000001e-01	5.284269000000000e-08
1.390000000000001e-01	5.402705000000000e-08
1.400000000000001e-01	5.523772000000000e-08
1.410000000000001e-01	5.647529000000000e-08
1.420000000000001e-01	5.774037000000000e-08
1.430000000000001e-01	5.903356000000000e-08
1.440000000000001e-01	6.035550000000000e-08
1.450000000000001e-01	6.170683000000000e-08
1.460000000000001e-01	6.308822000000001e-08
1.470000000000001e-01	6.450032000000000e-08
1.480000000000001e-01	6.594384000000000e-08
1.490000000000001e-01	6.741947000000000e-08
1.500000000000001e-01	6.892794000000000e-08
1.510000000000001e-01	7.046997000000001e-08
1.520000000000001e-01	7.204633000000000e-08
1.530000000000001e-01	7.365777000000000e-08
1.540000000000001e-01	7.530507000000000e-08
1.550000000000001e-01	7.698905000000000e-08
1.560000000000001e-01	7.871053000000000e-08
1.570000000000001e-01	8.047033999999999e-08
1.580000000000001e-01	8.226933000000000e-08
1.590000000000001e-01	8.410839000000000e-08
1.600000000000001e-01	8.598840999999999e-08
1.610000000000001e-01	8.791031000000000e-08
1.620000000000001e-01	8.987502000000000e-08
1.630000000000001e-01	9.188348999999999e-08
1.640000000000001e-01	9.393671000000000e-08
1.650000000000001e-01	9.603568000000000e-08
1.660000000000001e-01	9.818142000000000e-08
1.670000000000001e-01	1.003750000000000e-07
1.680000000000001e-01	1.026174000000000e-07
1.690000000000001e-01	1.049098000000000e-07
1.700000000000001e-01	1.072533000000000e-07
1.710000000000001e-01	1.096490000000000e-07
1.720000000000001e-01	1.120982000000000e-07
1.730000000000001e-01	1.146019000000000e-07
1.740000000000001e-01	1.171614000000000e-07
1.750000000000001e-01	1.197780000000000e-07
1.760000000000001e-01	1.224529000000000e-07
1.770000000000001e-01	1.251875000000000e-07
1.780000000000001e-01	1.279830000000000e-07
1.790000000000001e-01	1.308408000000000e-07
1.800000000000001e-01	1.337624000000000e-07
1.810000000000001e-01	1.367491000000000e-07
1.820000000000001e-01	1.398024000000000e-07
1.830000000000001e-01	1.429238000000000e-07
1.840000000000001e-01	1.461148000000000e-07
1.850000000000001e-01	1.493769000000000e-07
1.860000000000001e-01	1.527118000000000e-07
1.870000000000001e-01	1.561210000000000e-07
1.880000000000001e-01	1.596063000000000e-07
1.890000000000001e-01	1.631693000000000e-07
1.900000000000001e-01	1.668118000000000e-07
1.910000000000001e-01	1.705355000000000e-07
1.920000000000001e-01	1.743423000000000e-07
1.930000000000001e-01	1.782339000000000e-07
1.940000000000001e-01	1.822124000000000e-07
1.950000000000001e-01	1.862796000000000e-07
1.960000000000001e-01	1.904375000000000e-07
1.970000000000001e-01	1.946882000000000e-07
1.980000000000001e-01	1.990337000000000e-07
1.990000000000001e-01	2.034760000000000e-07
2.000000000000001e-01	2.080175000000000e-07
2.010000000000002e-01	2.126603000000000e-07
2.020000000000002e-01	2.174067000000000e-07
2.030000000000002e-01	2.222589000000000e-07
2.040000000000002e-01	2.272194000000000e-07
2.050000000000002e-01	2.322905000000000e-07
2.060000000000002e-01	2.374748000000000e-07
2.070000000000002e-01	2.427746000000000e-07
2.080000000000002e-01	2.481928000000000e-07
2.090000000000002e-01	2.537318000000000e-07
2.100000000000002e-01	2.593943000000000e-07
2.110000000000002e-01	2.651832000000000e-07
2.120000000000002e-01	2.711012000000000e-07
2.130000000000002e-01	2.771513000000000e-07
2.140000000000002e-01	2.833363000000000e-07
2.150000000000002e-01	2.896593000000000e-07
2.160000000000002e-01	2.961233000000000e-07
2.170000000000002e-01	3.027316000000000e-07
2.180000000000002e-01	3.094873000000000e-07
2.190000000000002e-01	3.163937000000000e-07
2.200000000000002e-01	3.234542000000000e-07
2.210000000000002e-01	3.306722000000000e-07
2.220000000000002e-01	3.380513000000000e-07
2.230000000000002e-01	3.455949000000000e-07
2.240000000000002e-01	3.533069000000000e-07
2.250000000000002e-01	3.611909000000000e-07
2.260000000000002e-01	3.692509000000000e-07
2.270000000000002e-01	3.774906000000000e-07
2.280000000000002e-01	3.859142000000000e-07
2.290000000000002e-01	3.945257000000000e-07
2.300000000000002e-01	4.033294000000000e-07
2.310000000000002e-01	4.123294000000000e-07
2.320000000000002e-01	4.215303000000000e-07
2.330000000000002e-01	4.309364000000000e-07
2.340000000000002e-01	4.405524000000000e-07
2.350000000000002e-01	4.503830000000000e-07
2.360000000000002e-01	4.604329000000000e-07
2.370000000000002e-01	4.707070000000000e-07
2.380000000000002e-01	4.812103000000000e-07
2.390000000000002e-01	4.919480000000000e-07
2.400000000000002e-01	5.029252000000000e-07
2.410000000000002e-01	5.141474000000000e-07
2.420000000000002e-01	5.256200000000000e-07
2.430000000000002e-01	5.373485000000000e-07
2.440000000000002e-01	5.493387000000000e-07
2.450000000000002e-01	5.615964000000000e-07
2.460000000000002e-01	5.741276000000000e-07
2.470000000000002e-01	5.869384000000000e-07
2.480000000000002e-01	6.000350000000000e-07
2.490000000000002e-01	6.134239000000000e-07
2.500000000000002e-01	6.271115000000000e-07
2.510000000000002e-01	6.411045000000000e-07
2.520000000000002e-01	6.554096000000000e-07
2.530000000000002e-01	6.700340000000000e-07
2.540000000000002e-01	6.849846000000000e-07
2.550000000000002e-01	7.002689000000000e-07
2.560000000000002e-01	7.158941000000000e-07
2.570000000000002e-01	7.318679000000000e-07
2.580000000000002e-01	7.481982000000000e-07
2.590000000000002e-01	7.648928000000000e-07
2.600000000000002e-01	7.819600000000000e-07
2.610000000000002e-01	7.994079000000000e-07
2.620000000000002e-01	8.172451000000000e-07
2.630000000000002e-01	8.354803000000000e-07
2.640000000000002e-01	8.541224000000001e-07
2.650000000000002e-01	8.731804000000000e-07
2.660000000000002e-01	8.926636000000000e-07
2.670000000000002e-01	9.125816000000000e-07
2.680000000000002e-01	9.329439000000000e-07
2.690000000000002e-01	9.537606000000001e-07
2.700000000000002e-01	9.750418000000000e-07
2.710000000000002e-01	9.967977000000001e-07
2.720000000000002e-01	1.019039000000000e-06
2.730000000000002e-01	1.041777000000000e-06
2.740000000000002e-01	1.065022000000000e-06
2.750000000000002e-01	1.088785000000000e-06
2.760000000000002e-01	1.113079000000000e-06
2.770000000000002e-01	1.137915000000000e-06
2.780000000000002e-01	1.163305000000000e-06
2.790000000000002e-01	1.189261000000000e-06
2.800000000000002e-01	1.215797000000000e-06
2.810000000000002e-01	1.242925000000000e-06
2.820000000000002e-01	1.270658000000000e-06
2.830000000000002e-01	1.299009000000000e-06
2.840000000000002e-01	1.327994000000000e-06
2.850000000000002e-01	1.357625000000000e-06
2.860000000000002e-01	1.387917000000000e-06
2.870000000000002e-01	1.418885000000000e-06
2.880000000000002e-01	1.450544000000000e-06
2.890000000000002e-01	1.482909000000000e-06
2.900000000000002e-01	1.515997000000000e-06
2.910000000000002e-01	1.549822000000000e-06
2.920000000000002e-01	1.584403000000000e-06
2.930000000000002e-01	1.619755000000000e-06
2.940000000000002e-01	1.655896000000000e-06
2.950000000000002e-01	1.692843000000000e-06
2.960000000000002e-01	1.730614000000000e-06
2.970000000000002e-01	1.769228000000000e-06
2.980000000000002e-01	1.808704000000000e-06
2.990000000000002e-01	1.849061000000000e-06
3.000000000000002e-01	1.890318000000000e-06
3.010000000000002e-01	1.932495000000000e-06
3.020000000000002e-01	1.975613000000000e-06
3.030000000000002e-01	2.019694000000000e-06
3.040000000000002e-01	2.064758000000000e-06
3.050000000000002e-01	2.110828000000000e-06
3.060000000000002e-01	2.157925000000000e-06
3.070000000000002e-01	2.206073000000000e-06
3.080000000000002e-01	2.255296000000000e-06
3.090000000000002e-01	2.305617000000000e-06
3.100000000000002e-01	2.357060000000000e-06
3.110000000000002e-01	2.409651000000000e-06
3.120000000000002e-01	2.463416000000000e-06
3.130000000000002e-01	2.518380000000000e-06
3.140000000000002e-01	2.574571000000000e-06
3.150000000000002e-01	2.632015000000000e-06
3.160000000000002e-01	2.690741000000000e-06
3.170000000000002e-01	2.750777000000000e-06
3.180000000000002e-01	2.812152000000000e-06
3.190000000000002e-01	2.874897000000000e-06
3.200000000000002e-01	2.939042000000000e-06
3.210000000000002e-01	3.004618000000000e-06
3.220000000000002e-01	3.071657000000000e-06
3.230000000000002e-01	3.140192000000000e-06
3.240000000000002e-01	3.210256000000000e-06
3.250000000000002e-01	3.281883000000000e-06
3.260000000000002e-01	3.355108000000000e-06
3.270000000000002e-01	3.429967000000000e-06
3.280000000000002e-01	3.506496000000000e-06
3.290000000000002e-01	3.584732000000000e-06
3.300000000000002e-01	3.664714000000000e-06
3.310000000000002e-01	3.746481000000000e-06
3.320000000000002e-01	3.830071000000000e-06
3.330000000000002e-01	3.915527000000000e-06
3.340000000000002e-01	4.002889000000000e-06
3.350000000000002e-01	4.092200000000000e-06
3.360000000000002e-01	4.183505000000000e-06
3.370000000000002e-01	4.276846000000000e-06
3.380000000000002e-01	4.372269000000000e-06
3.390000000000002e-01	4.469821000000000e-06
3.400000000000002e-01	4.569550000000000e-06
3.410000000000002e-01	4.671504000000000e-06
3.420000000000002e-01	4.775732000000000e-06
3.430000000000002e-01	4.882286000000000e-06
3.440000000000003e-01	4.991216000000000e-06
3.450000000000003e-01	5.102578000000000e-06
3.460000000000003e-01	5.216423000000000e-06
3.470000000000003e-01	5.332809000000000e-06
3.480000000000003e-01	5.451791000000000e-06
3.490000000000003e-01	5.573428000000000e-06
3.500000000000003e-01	5.697777000000000e-06
3.510000000000003e-01	5.824902000000000e-06
3.520000000000003e-01	5.954862000000000e-06
3.530000000000003e-01	6.087722000000000e-06
3.540000000000003e-01	6.223546000000000e-06
3.550000000000003e-01	6.362400000000000e-06
3.560000000000003e-01	6.504352000000000e-06
3.570000000000003e-01	6.649470000000000e-06
3.580000000000003e-01	6.797826000000000e-06
3.590000000000003e-01	6.949492000000000e-06
3.600000000000003e-01	7.104541000000000e-06
3.610000000000003e-01	7.263049000000000e-06
3.620000000000003e-01	7.425093000000000e-06
3.630000000000003e-01	7.590753000000000e-06
3.640000000000003e-01	7.760107000000000e-06
3.650000000000003e-01	7.933240000000000e-06
3.660000000000003e-01	8.110235000000000e-06
3.670000000000003e-01	8.291179000000000e-06
3.680000000000003e-01	8.476159999999999e-06
3.690000000000003e-01	8.665266000000000e-06
3.700000000000003e-01	8.858591000000001e-06
3.710000000000003e-01	9.056229000000001e-06
3.720000000000003e-01	9.258276000000000e-06
3.730000000000003e-01	9.464830000000000e-06
3.740000000000003e-01	9.675991000000001e-06
3.750000000000003e-01	9.891864000000001e-06
3.760000000000003e-01	1.011255000000000e-05
3.770000000000003e-01	1.033816000000000e-05
3.780000000000003e-01	1.056881000000000e-05
3.790000000000003e-01	1.080459000000000e-05
3.800000000000003e-01	1.104564000000000e-05
3.810000000000003e-01	1.129207000000000e-05
3.820000000000003e-01	1.154399000000000e-05
3.830000000000003e-01	1.180153000000000e-05
3.840000000000003e-01	1.206481000000000e-05
3.850000000000003e-01	1.233397000000000e-05
3.860000000000003e-01	1.260914000000000e-05
3.870000000000003e-01	1.289044000000000e-05
3.880000000000003e-01	1.317801000000000e-05
3.890000000000003e-01	1.347200000000000e-05
3.900000000000003e-01	1.377255000000000e-05
3.910000000000003e-01	1.407980000000000e-05
3.920000000000003e-01	1.439390000000000e-05
3.930000000000003e-01	1.471501000000000e-05
3.940000000000003e-01	1.504328000000000e-05
3.950000000000003e-01	1.537888000000000e-05
3.960000000000003e-01	1.572195000000000e-05
3.970000000000003e-01	1.607269000000000e-05
3.980000000000003e-01	1.643124000000000e-05
3.990000000000003e-01	1.679779000000000e-05
4.000000000000003e-01	1.717252000000000e-05
4.010000000000003e-01	1.755560000000000e-05
4.020000000000003e-01	1.794723000000000e-05
4.030000000000003e-01	1.834759000000000e-05
4.040000000000003e-01	1.875688000000000e-05
4.050000000000003e-01	1.917530000000000e-05
4.060000000000003e-01	1.960305000000000e-05
4.070000000000003e-01	2.004034000000000e-05
4.080000000000003e-01	2.048738000000000e-05
4.090000000000003e-01	2.094439000000000e-05
4.100000000000003e-01	2.141160000000000e-05
4.110000000000003e-01	2.188922000000000e-05
4.120000000000003e-01	2.237749000000000e-05
4.130000000000003e-01	2.287665000000000e-05
4.140000000000003e-01	2.338695000000000e-05
4.150000000000003e-01	2.390862000000000e-05
4.160000000000003e-01	2.444193000000000e-05
4.170000000000003e-01	2.498712000000000e-05
4.180000000000003e-01	2.554448000000000e-05
4.190000000000003e-01	2.611426000000000e-05
4.200000000000003e-01	2.669675000000000e-05
4.210000000000003e-01	2.729223000000000e-05
4.220000000000003e-01	2.790098000000000e-05
4.230000000000003e-01	2.852331000000000e-05
4.240000000000003e-01	2.915951000000000e-05
4.250000000000003e-01	2.980990000000000e-05
4.260000000000003e-01	3.047479000000000e-05
4.270000000000003e-01	3.115451000000000e-05
4.280000000000003e-01	3.184937000000000e-05
4.290000000000003e-01	3.255974000000000e-05
4.300000000000003e-01	3.328593000000000e-05
4.310000000000003e-01	3.402832000000000e-05
4.320000000000003e-01	3.478726000000000e-05
4.330000000000003e-01	3.556311000000000e-05
4.340000000000003e-01	3.635626000000000e-05
4.350000000000003e-01	3.716710000000000e-05
4.360000000000003e-01	3.799601000000000e-05
4.370000000000003e-01	3.884339000000000e-05
4.380000000000003e-01	3.970967000000000e-05
4.390000000000003e-01	4.059526000000000e-05
4.400000000000003e-01	4.150058000000000e-05
4.410000000000003e-01	4.242608000000000e-05
4.420000000000003e-01	4.337222000000000e-05
4.430000000000003e-01	4.433944000000000e-05
4.440000000000003e-01	4.532822000000000e-05
4.450000000000003e-01	4.633903000000000e-05
4.460000000000003e-01	4.737237000000000e-05
4.470000000000003e-01	4.842874000000000e-05
4.480000000000003e-01	4.950865000000000e-05
4.490000000000003e-01	5.061263000000000e-05
4.500000000000003e-01	5.174121000000000e-05
4.510000000000003e-01	5.289494000000000e-05
4.520000000000003e-01	5.407438000000000e-05
4.530000000000003e-01	5.528010000000000e-05
4.540000000000003e-01	5.651268000000000e-05
4.550000000000003e-01	5.777273000000000e-05
4.560000000000003e-01	5.906084000000000e-05
4.570000000000004e-01	6.037766000000000e-05
4.580000000000004e-01	6.172381999999999e-05
4.590000000000004e-01	6.309996000000000e-05
4.600000000000004e-01	6.450676999999999e-05
4.610000000000004e-01	6.594491000000000e-05
4.620000000000004e-01	6.741509000000000e-05
4.630000000000004e-01	6.891800999999999e-05
4.640000000000004e-01	7.045441000000000e-05
4.650000000000004e-01	7.202503000000000e-05
4.660000000000004e-01	7.363063000000000e-05
4.670000000000004e-01	7.527199000000001e-05
4.680000000000004e-01	7.694990000000001e-05
4.690000000000004e-01	7.866519000000001e-05
4.700000000000004e-01	8.041865999999999e-05
4.710000000000004e-01	8.221118000000000e-05
4.720000000000004e-01	8.404362000000000e-05
4.730000000000004e-01	8.591685000000000e-05
4.740000000000004e-01	8.783179999999999e-05
4.750000000000004e-01	8.978937000000000e-05
4.760000000000004e-01	9.179052000000000e-05
4.770000000000004e-01	9.383622000000000e-05
4.780000000000004e-01	9.592746000000000e-05
4.790000000000004e-01	9.806524999999999e-05
4.800000000000004e-01	1.002506000000000e-04
4.810000000000004e-01	1.024846000000000e-04
4.820000000000004e-01	1.047683000000000e-04
4.830000000000004e-01	1.071029000000000e-04
4.840000000000004e-01	1.094894000000000e-04
4.850000000000004e-01	1.119290000000000e-04
4.860000000000004e-01	1.144229000000000e-04
4.870000000000004e-01	1.169722000000000e-04
4.880000000000004e-01	1.195783000000000e-04
4.890000000000004e-01	1.222423000000000e-04
4.900000000000004e-01	1.249657000000000e-04
4.910000000000004e-01	1.277495000000000e-04
4.920000000000004e-01	1.305953000000000e-04
4.930000000000004e-01	1.335044000000000e-04
4.940000000000004e-01	1.364782000000000e-04
4.950000000000004e-01	1.395181000000000e-04
4.960000000000004e-01	1.426256000000000e-04
4.970000000000004e-01	1.458022000000000e-04
4.980000000000004e-01	1.490494000000000e-04
4.990000000000004e-01	1.523687000000000e-04
5.000000000000003e-01	1.557619000000000e-04
5.010000000000003e-01	1.592305000000000e-04
5.020000000000003e-01	1.627761000000000e-04
5.030000000000003e-01	1.664005000000000e-04
5.040000000000003e-01	1.701055000000000e-04
5.050000000000003e-01	1.738928000000000e-04
5.060000000000003e-01	1.777642000000000e-04
5.070000000000003e-01	1.817216000000000e-04
5.080000000000003e-01	1.857669000000000e-04
5.090000000000003e-01	1.899021000000000e-04
5.100000000000003e-01	1.941290000000000e-04
5.110000000000003e-01	1.984499000000000e-04
5.120000000000003e-01	2.028666000000000e-04
5.130000000000003e-01	2.073814000000000e-04
5.140000000000003e-01	2.119964000000000e-04
5.150000000000003e-01	2.167138000000000e-04
5.160000000000003e-01	2.215360000000000e-04
5.170000000000003e-01	2.264651000000000e-04
5.180000000000003e-01	2.315035000000000e-04
5.190000000000003e-01	2.366538000000000e-04
5.200000000000004e-01	2.419182000000000e-04
5.210000000000004e-01	2.472994000000000e-04
5.220000000000004e-01	2.527999000000000e-04
5.230000000000004e-01	2.584224000000000e-04
5.240000000000004e-01	2.641695000000000e-04
5.250000000000004e-01	2.700440000000000e-04
5.260000000000004e-01	2.760487000000000e-04
5.270000000000004e-01	2.821864000000000e-04
5.280000000000004e-01	2.884601000000000e-04
5.290000000000004e-01	2.948727000000000e-04
5.300000000000004e-01	3.014274000000000e-04
5.310000000000004e-01	3.081273000000000e-04
5.320000000000004e-01	3.149754000000000e-04
5.330000000000004e-01	3.219752000000000e-04
5.340000000000004e-01	3.291298000000000e-04
5.350000000000004e-01	3.364428000000000e-04
5.360000000000004e-01	3.439176000000000e-04
5.370000000000004e-01	3.515577000000000e-04
5.380000000000004e-01	3.593668000000000e-04
5.390000000000004e-01	3.673485000000000e-04
5.400000000000004e-01	3.755067000000000e-04
5.410000000000004e-01	3.838452000000000e-04
5.420000000000004e-01	3.923679000000000e-04
5.430000000000004e-01	4.010790000000000e-04
5.440000000000004e-01	4.099825000000000e-04
5.450000000000004e-01	4.190825000000000e-04
5.460000000000004e-01	4.283835000000000e-04
5.470000000000004e-01	4.378898000000000e-04
5.480000000000004e-01	4.476058000000000e-04
5.490000000000004e-01	4.575363000000000e-04
5.500000000000004e-01	4.676857000000000e-04
5.510000000000004e-01	4.780589000000000e-04
5.520000000000004e-01	4.886608000000000e-04
5.530000000000004e-01	4.994964000000000e-04
5.540000000000004e-01	5.105707000000000e-04
5.550000000000004e-01	5.218890000000000e-04
5.560000000000004e-01	5.334564000000000e-04
5.570000000000004e-01	5.452785000000000e-04
5.580000000000004e-01	5.573608000000000e-04
5.590000000000004e-01	5.697089000000000e-04
5.600000000000004e-01	5.823286000000000e-04
5.610000000000004e-01	5.952258000000000e-04
5.620000000000004e-01	6.084065000000000e-04
5.630000000000004e-01	6.218768000000000e-04
5.640000000000004e-01	6.356429000000000e-04
5.650000000000004e-01	6.497113000000000e-04
5.660000000000004e-01	6.640885999999999e-04
5.670000000000004e-01	6.787812000000000e-04
5.680000000000004e-01	6.937962000000000e-04
5.690000000000004e-01	7.091404000000000e-04
5.700000000000004e-01	7.248208000000000e-04
5.710000000000004e-01	7.408448000000000e-04
5.720000000000004e-01	7.572197000000000e-04
5.730000000000004e-01	7.739532000000000e-04
5.740000000000004e-01	7.910526000000000e-04
5.750000000000004e-01	8.085262000000000e-04
5.760000000000004e-01	8.263817000000000e-04
5.770000000000004e-01	8.446275000000000e-04
5.780000000000004e-01	8.632718000000000e-04
5.790000000000004e-01	8.823231000000000e-04
5.800000000000004e-01	9.017902000000000e-04
5.810000000000004e-01	9.216818000000000e-04
5.820000000000004e-01	9.420070999999999e-04
5.830000000000004e-01	9.627753000000000e-04
5.840000000000004e-01	9.839959000000000e-04
5.850000000000004e-01	1.005678000000000e-03
5.860000000000004e-01	1.027832000000000e-03
5.870000000000004e-01	1.050468000000000e-03
5.880000000000004e-01	1.073596000000000e-03
5.890000000000004e-01	1.097226000000000e-03
5.900000000000004e-01	1.121368000000000e-03
5.910000000000004e-01	1.146035000000000e-03
5.920000000000004e-01	1.171236000000000e-03
5.930000000000004e-01	1.196984000000000e-03
5.940000000000004e-01	1.223288000000000e-03
5.950000000000004e-01	1.250162000000000e-03
5.960000000000004e-01	1.277617000000000e-03
5.970000000000004e-01	1.305665000000000e-03
5.980000000000004e-01	1.334319000000000e-03
5.990000000000004e-01	1.363591000000000e-03
6.000000000000004e-01	1.393494000000000e-03
6.010000000000004e-01	1.424042000000000e-03
6.020000000000004e-01	1.455247000000000e-03
6.030000000000004e-01	1.487123000000000e-03
6.040000000000004e-01	1.519685000000000e-03
6.050000000000004e-01	1.552946000000000e-03
6.060000000000004e-01	1.586920000000000e-03
6.070000000000004e-01	1.621624000000000e-03
6.080000000000004e-01	1.657070000000000e-03
6.090000000000004e-01	1.693276000000000e-03
6.100000000000000e-01	1.730255000000000e-03
